# Created by Octave 3.0.1, Sat Sep 05 20:31:20 2009 PDT <jwawerla@marvin2>
# name: fixed_energy
# type: matrix
# ndims: 3
 3 19 19
 520.489746
 513.452942
 512.563354
 481.53479
 486.412964
 494.550171
 221.773331
 221.773331
 221.773331
 427.366821
 633.922607
 602.389221
 841.546509
 863.601135
 851.2404790000001
 1158.663696
 1187.674072
 1220.6875
 1335.907837
 1412.092285
 1443.576904
 1468.901245
 1584.39856
 1640.170044
 1530.26123
 1717.526978
 1845.677856
 1623.147949
 1802.619873
 1997.647217
 1646.5896
 1981.390381
 2158.051758
 1730.583008
 2119.844971
 2309.987305
 1863.858765
 2216.758301
 2517.138184
 1980.885132
 2227.388428
 2598.363281
 2045.097534
 2344.599854
 2638.937012
 2221.403564
 2408.585449
 2747.590332
 2310.306885
 2618.197754
 2988.012451
 2364.682373
 2663.341309
 3015.180664
 2563.558594
 2855.605957
 3097.988281
 618.113892
 657.165039
 645.571472
 549.142273
 549.170959
 598.9564820000001
 575.762329
 568.793274
 554.3000489999999
 876.83905
 899.768555
 881.722473
 1244.15918
 1252.063843
 1259.88147
 1410.522339
 1463.758057
 1487.202759
 1595.935791
 1649.473022
 1699.653564
 1727.567383
 1792.999146
 1902.819336
 1781.685669
 2021.760864
 2095.608887
 1889.911987
 2130.063477
 2214.124023
 1948.621826
 2227.822266
 2370.954834
 2047.366455
 2351.851318
 2565.077637
 2098.192871
 2428.776123
 2673.76123
 2262.154541
 2556.25415
 2772.785889
 2347.581787
 2603.598633
 2879.657959
 2434.982666
 2737.491211
 2960.13501
 2526.495117
 2793.375488
 3033.192383
 2597.489014
 2965.553711
 3297.142334
 2563.558594
 2855.605957
 3097.988281
 576.827942
 552.047241
 373.693329
 628.538818
 605.569946
 430.348328
 1034.525269
 1009.484436
 827.946106
 1271.609497
 1273.480957
 1088.881714
 1499.70752
 1489.5896
 1322.603271
 1665.720093
 1690.567871
 1533.928589
 1846.691162
 1884.929688
 1736.466431
 1982.319336
 2053.647461
 1939.938599
 2076.744141
 2183.031494
 2098.295654
 2095.699463
 2272.086182
 2290.328369
 2215.842041
 2458.089355
 2428.458984
 2286.223877
 2602.994385
 2630.30127
 2336.01123
 2614.087646
 2759.007568
 2467.512939
 2757.856201
 2819.012939
 2597.185303
 2677.077148
 2951.942627
 2710.481689
 2904.473633
 3058.55249
 2802.422119
 3073.875977
 3172.225098
 2579.686035
 2907.85791
 3293.380859
 2539.814697
 2855.605957
 3097.988281
 761.478638
 754.411194
 410.534668
 1007.951965
 995.405762
 655.817993
 1257.661987
 1257.260254
 910.380615
 1500.064575
 1471.959351
 1144.583374
 1708.432251
 1697.491211
 1362.084961
 1853.287231
 1893.692871
 1568.518799
 2035.689819
 2073.880127
 1779.482422
 2136.090332
 2256.781006
 1986.020996
 2248.400635
 2390.55249
 2165.143555
 2361.744141
 2527.372314
 2338.073975
 2436.06958
 2639.479736
 2480.66748
 2468.928711
 2741.549805
 2627.302734
 2539.937988
 2844.375977
 2692.088867
 2721.168457
 2830.228271
 2811.343506
 2773.364014
 2943.913086
 2910.000244
 2865.727295
 3149.893066
 3136.648926
 2802.422119
 3073.875977
 3140.982422
 2597.489014
 4152.023926
 3293.380859
 2547.94165
 2855.605957
 3097.988281
 959.910583
 926.13501
 454.747833
 1218.2771
 1168.891724
 706.695801
 1463.456909
 1424.609985
 958.126587
 1683.765625
 1644.534058
 1188.013062
 1906.413208
 1874.960815
 1400.80603
 2073.64624
 2043.305786
 1633.260498
 2227.416504
 2257.219238
 1844.588745
 2341.877686
 2463.389404
 2021.823853
 2389.769531
 2591.211182
 2220.685791
 2548.674805
 2671.063232
 2356.127441
 2619.369141
 2833.718994
 2500.298096
 2681.049805
 2877.538086
 2662.312012
 2748.867432
 2993.55249
 2808.059082
 2878.264404
 2990.303223
 2924.509766
 2987.977539
 3171.134277
 3074.567383
 2865.727295
 3154.217041
 3136.648926
 2802.422119
 3073.875977
 3172.225098
 2586.760254
 2958.108887
 3297.142334
 2516.986328
 2855.605957
 3097.988281
 1131.05957
 1059.151611
 490.878296
 1402.688599
 1310.324585
 744.336243
 1645.107544
 1575.470215
 996.174377
 1890.147095
 1800.854248
 1222.604126
 2069.00415
 2019.426758
 1441.844849
 2245.711426
 2220.088379
 1656.324585
 2413.489258
 2424.787354
 1872.645264
 2535.61084
 2585.405762
 2061.233643
 2646.007324
 2739.254883
 2267.329834
 2716.55957
 2880.021484
 2419.453613
 2767.659912
 2986.456299
 2630.699219
 2867.915039
 3035.079346
 2749.001465
 2974.530518
 3110.747559
 2844.520996
 2959.131104
 3274.325439
 2880.373535
 2987.977539
 3146.431152
 3022.200439
 2865.727295
 3154.217041
 3136.648926
 2787.986084
 3023.299561
 3172.225098
 2597.489014
 2936.954102
 3279.055908
 2515.905762
 2855.605957
 3097.988281
 1332.27124
 1171.790527
 531.184082
 1583.674805
 1417.614014
 785.291565
 1813.047241
 1706.085938
 1036.8302
 2063.64917
 1940.89624
 1264.751465
 2220.993652
 2131.688232
 1485.872681
 2423.209717
 2325.534424
 1698.371094
 2592.524658
 2300.199951
 1916.647217
 2671.73584
 2692.812988
 2114.008301
 2828.206787
 2842.603271
 2293.130615
 2902.194092
 2983.985596
 2428.183838
 2957.801025
 2953.499512
 2604.183105
 3055.608154
 3174.931152
 2827.512939
 3092.947021
 3301.69165
 2970.664551
 2959.131104
 3274.325439
 2880.373535
 2987.977539
 3146.431152
 3022.200439
 2865.727295
 3149.893066
 3136.648926
 2787.986084
 3023.299561
 3172.225098
 2642.613037
 2870.888428
 3293.380859
 2557.660156
 2855.605957
 3097.988281
 1492.838623
 1304.695435
 569.8975830000001
 1754.666382
 1523.366821
 826.407471
 2004.70874
 1776.924072
 1076.641602
 2175.240479
 2003.334106
 1310.904419
 2403.458252
 2238.779053
 1517.392822
 2609.307129
 2438.075439
 1742.101318
 2718.400391
 2622.44873
 1940.689575
 2839.550537
 2728.478271
 2135.908691
 2987.24707
 2940.341553
 2310.897217
 3000.014893
 3041.666748
 2498.8479
 3153.190186
 3149.491943
 2629.553711
 3231.297363
 3358.250732
 2758.303711
 3092.947021
 3301.69165
 2970.664551
 2959.131104
 3248.925537
 2880.373535
 2987.977539
 3153.314941
 3022.200439
 2865.727295
 3154.217041
 3136.648926
 2805.727051
 3073.875977
 3140.982422
 2586.760254
 2947.5979
 3297.142334
 2541.429443
 2855.605957
 3097.988281
 1624.873657
 1342.46582
 611.8230589999999
 1878.461304
 1607.455322
 869.161255
 2144.861572
 1845.871826
 1115.703003
 2346.79834
 2110.613281
 1348.271362
 2568.655518
 2279.521729
 1579.585083
 2709.14502
 2509.098145
 1790.121094
 2876.832031
 2669.85083
 1990.930786
 3023.790283
 2791.150146
 2175.662354
 3146.548096
 3038.710693
 2358.39624
 3196.28833
 3086.85376
 2546.835938
 3312.699707
 3193.972168
 2694.082764
 3230.35376
 3358.250732
 2758.303711
 3092.947021
 3301.69165
 2970.664551
 2959.131104
 3278.843506
 2880.373535
 2987.977539
 3064.525635
 3022.200439
 2865.727295
 3149.893066
 3136.648926
 2802.422119
 3073.875977
 3140.982422
 2579.686035
 2931.305908
 3293.380859
 2555.216064
 2855.605957
 3097.988281
 1784.98291
 1407.718018
 652.929382
 2029.013794
 1616.67981
 905.890076
 2261.128418
 1861.214844
 1157.664307
 2491.552002
 2110.637939
 1398.484375
 2737.165527
 2395.125
 1612.447754
 2884.964844
 2545.87085
 1819.479736
 3061.703125
 2711.444336
 2039.680786
 3177.379395
 2873.860107
 2244.313477
 3299.067139
 3053.944336
 2403.338379
 3363.726318
 3220.176514
 2593.501709
 3276.588135
 3193.972168
 2694.082764
 3231.297363
 3358.250732
 2874.187012
 3092.947021
 3291.76416
 2970.664551
 2959.131104
 3274.325439
 2880.373535
 2987.977539
 3064.525635
 3022.200439
 2865.727295
 3154.217041
 3136.648926
 2787.986084
 3073.875977
 3172.225098
 2579.686035
 2858.787598
 3297.142334
 2563.558594
 2855.605957
 3097.988281
 1844.373657
 1477.305176
 694.584595
 2109.141113
 1677.300537
 951.675781
 2397.655762
 1870.718384
 1198.557983
 2618.668701
 2188.500488
 1417.435791
 2768.930908
 2390.872803
 1660.028687
 2997.557373
 2593.010742
 1864.125488
 3215.259766
 2813.098145
 2077.039551
 3291.11084
 2982.671875
 2244.039307
 3408.867676
 3103.478271
 2471.538574
 3352.845215
 3162.13623
 2593.501709
 3272.395996
 3218.064941
 2694.082764
 3230.35376
 3358.250732
 2874.187012
 3092.947021
 3291.76416
 2970.664551
 2959.131104
 3274.325439
 2880.373535
 2987.977539
 3153.314941
 3074.567383
 2865.727295
 3154.217041
 3136.648926
 2802.422119
 3023.299561
 3160.712402
 2597.489014
 2936.954102
 3297.142334
 2515.905762
 2855.605957
 3097.988281
 2019.349243
 1488.934692
 735.575073
 2223.373779
 1751.977783
 990.5263670000001
 2392.542725
 2000.39563
 1242.142456
 2729.373779
 2252.302734
 1477.744019
 2894.016357
 2439.853516
 1692.984131
 3087.973145
 2674.355713
 1931.109985
 3275.812256
 2798.439697
 2130.93042
 3323.171875
 3013.242432
 2318.858887
 3408.867676
 3103.478271
 2471.538574
 3363.726318
 3154.671143
 2593.501709
 3327.725342
 3193.972168
 2694.082764
 3230.35376
 3358.250732
 2874.187012
 3092.947021
 3291.76416
 2970.664551
 2959.131104
 3248.925537
 2880.373535
 2987.977539
 3171.134277
 3022.200439
 2865.727295
 3149.893066
 3136.648926
 2802.422119
 3023.299561
 3140.982422
 2586.760254
 2905.88916
 3279.055908
 2542.101562
 2855.605957
 3097.988281
 2057.635498
 1588.866943
 781.260315
 2281.636963
 1795.940186
 1029.541626
 2603.612549
 2099.590332
 1292.26709
 2824.000488
 2317.163086
 1513.865967
 2997.025391
 2554.083252
 1739.343872
 3189.68457
 2729.897461
 1952.066895
 3426.436523
 2895.351074
 2176.196045
 3323.171875
 2969.883545
 2318.858887
 3408.867676
 3103.478271
 2471.538574
 3359.37793
 3162.13623
 2593.501709
 3272.395996
 3193.972168
 2694.082764
 3230.35376
 3358.250732
 2758.303711
 3092.947021
 3291.76416
 2970.664551
 2959.131104
 3242.656982
 2880.373535
 2987.977539
 3153.314941
 3022.200439
 2865.727295
 3149.893066
 3136.648926
 2787.986084
 3073.875977
 3140.982422
 2579.686035
 2923.484375
 3232.794434
 2541.429443
 2855.605957
 3097.988281
 2205.53418
 1611.890381
 824.8526000000001
 2477.497559
 1852.579712
 1078.530029
 2531.655518
 2121.75
 1330.360107
 2877.301514
 2352.570312
 1567.090332
 3182.793701
 2568.742432
 1794.967041
 3300.727783
 2824.590576
 2026.262939
 3417.70752
 2895.351074
 2176.196045
 3369.919434
 3013.242432
 2318.858887
 3408.867676
 3109.956543
 2470.417725
 3354.589844
 3189.116943
 2593.501709
 3276.588135
 3193.972168
 2694.082764
 3231.297363
 3358.250732
 2758.303711
 3092.947021
 3291.76416
 2970.664551
 2959.131104
 3274.325439
 2880.373535
 2987.977539
 3171.134277
 3022.200439
 2865.727295
 3154.217041
 3136.648926
 2802.422119
 3023.299561
 3172.225098
 2579.686035
 2855.942139
 3232.794434
 2547.94165
 2855.605957
 3097.988281
 2252.998047
 1711.835693
 876.513123
 2392.664551
 1941.014282
 1118.924561
 2693.801758
 2190.909912
 1389.343506
 3026.936768
 2461.565674
 1604.66748
 3247.630615
 2647.610596
 1846.534912
 3319.328369
 2824.590576
 2026.262939
 3359.312988
 2895.351074
 2176.196045
 3359.675049
 2969.883545
 2318.858887
 3408.867676
 3103.478271
 2470.417725
 3340.907227
 3199.042725
 2593.501709
 3272.395996
 3218.064941
 2694.082764
 3231.297363
 3358.250732
 2874.187012
 3092.947021
 3291.76416
 2970.664551
 2959.131104
 3278.843506
 2880.373535
 2987.977539
 3064.525635
 3022.200439
 2865.727295
 3154.217041
 3136.648926
 2802.422119
 3023.299561
 3160.712402
 2643.481445
 2893.682617
 3297.142334
 2563.558594
 2855.605957
 3097.988281
 2291.665527
 1786.900879
 909.971741
 2516.312012
 2004.772461
 1174.173706
 2782.466309
 2273.59082
 1423.593506
 3048.885986
 2484.635254
 1659.004639
 3211.141846
 2647.610596
 1851.583618
 3319.328369
 2824.590576
 2026.262939
 3384.902588
 2895.351074
 2176.196045
 3359.675049
 3013.242432
 2318.858887
 3408.867676
 3103.478271
 2470.417725
 3354.589844
 3131.07666
 2593.501709
 3276.588135
 3218.064941
 2694.082764
 3230.35376
 3358.250732
 2758.303711
 3092.947021
 3277.098145
 2970.664551
 2959.131104
 3247.175049
 2880.373535
 2987.977539
 3064.525635
 3074.567383
 2865.727295
 3154.217041
 3136.648926
 2805.727051
 3023.299561
 3140.982422
 2586.760254
 2877.8396
 3232.794434
 2555.216064
 2855.605957
 3097.988281
 2389.588867
 1795.853394
 963.138916
 2606.37085
 2023.230957
 1210.204102
 2868.20166
 2318.907227
 1472.55957
 3048.885986
 2484.635254
 1659.004639
 3213.599854
 2647.610596
 1851.583618
 3319.328369
 2824.590576
 2026.262939
 3421.912842
 2895.351074
 2176.196045
 3350.355225
 3013.242432
 2318.858887
 3408.867676
 3103.478271
 2471.538574
 3350.241699
 3220.176514
 2593.501709
 3316.891602
 3193.972168
 2694.082764
 3230.35376
 3358.250732
 2758.303711
 3092.947021
 3291.76416
 2970.664551
 2959.131104
 3247.175049
 2880.373535
 2987.977539
 3171.134277
 3022.200439
 2865.727295
 3154.217041
 3136.648926
 2787.986084
 3023.299561
 3172.225098
 2586.760254
 2930.632324
 3293.380859
 2541.429443
 2855.605957
 3097.988281
 2521.121094
 1893.715698
 1020.793457
 2757.244629
 2118.885254
 1268.31897
 2883.532959
 2318.907227
 1472.55957
 3048.885986
 2484.635254
 1661.2771
 3132.812744
 2647.610596
 1851.583618
 3300.727783
 2824.590576
 2021.032593
 3384.902588
 2895.351074
 2176.196045
 3365.644043
 2969.883545
 2318.858887
 3408.867676
 3078.869873
 2470.417725
 3343.70874
 3162.13623
 2593.501709
 3272.395996
 3193.972168
 2694.082764
 3230.35376
 3358.250732
 2758.303711
 3092.947021
 3301.69165
 2970.664551
 2959.131104
 3247.175049
 2880.373535
 2987.977539
 3064.525635
 3022.200439
 2865.727295
 3154.217041
 3136.648926
 2805.727051
 3073.875977
 3172.225098
 2597.489014
 2931.174561
 3232.794434
 2556.890869
 2855.605957
 3097.988281
 2557.776123
 1894.762451
 1054.138672
 2757.244629
 2118.885254
 1267.15564
 2855.349365
 2318.907227
 1472.55957
 3028.211914
 2484.635254
 1659.004639
 3226.88623
 2647.610596
 1846.534912
 3300.727783
 2824.590576
 2026.262939
 3400.838867
 2895.351074
 2176.196045
 3351.203369
 3013.242432
 2318.858887
 3408.867676
 3085.348145
 2471.538574
 3363.726318
 3183.584473
 2593.501709
 3323.533203
 3193.972168
 2694.082764
 3231.297363
 3358.250732
 2874.187012
 3092.947021
 3291.76416
 2970.664551
 2959.131104
 3253.443604
 2880.373535
 2987.977539
 3171.134277
 3022.200439
 2865.727295
 3149.893066
 3136.648926
 2805.727051
 3073.875977
 3140.982422
 2579.686035
 3010.760742
 3293.380859
 2516.986328
 2855.605957
 3097.988281
# name: fixed_flags
# type: matrix
# ndims: 3
 3 19 19
 0
 0
 0
 27
 26
 27
 3
 3
 3
 24
 3
 69
 103
 106
 106
 159
 167
 174
 182
 199
 208
 193
 215
 226
 190
 221
 248
 191
 226
 260
 184
 240
 267
 183
 249
 273
 189
 249
 295
 196
 235
 297
 189
 240
 279
 201
 232
 278
 196
 240
 308
 192
 233
 287
 193
 244
 280
 40
 40
 38
 48
 48
 65
 61
 59
 56
 112
 122
 116
 180
 181
 183
 202
 213
 220
 225
 234
 247
 235
 246
 269
 229
 274
 290
 236
 276
 289
 234
 281
 299
 233
 283
 318
 227
 285
 325
 240
 291
 320
 233
 281
 307
 232
 281
 313
 228
 272
 306
 228
 282
 331
 193
 244
 280
 78
 71
 38
 78
 72
 40
 149
 143
 110
 191
 189
 156
 226
 221
 191
 245
 246
 220
 263
 271
 244
 273
 288
 265
 274
 293
 271
 265
 292
 299
 275
 311
 303
 270
 315
 320
 266
 307
 321
 272
 315
 315
 275
 279
 325
 275
 306
 322
 275
 316
 329
 224
 267
 331
 190
 244
 280
 99
 97
 38
 138
 137
 77
 184
 187
 127
 225
 217
 163
 251
 252
 192
 266
 276
 220
 284
 295
 243
 286
 312
 267
 295
 320
 285
 300
 331
 295
 297
 330
 306
 291
 338
 315
 285
 338
 310
 302
 317
 306
 292
 317
 308
 291
 339
 331
 275
 316
 320
 228
 250
 331
 200
 244
 280
 121
 115
 38
 168
 157
 82
 211
 206
 129
 243
 238
 162
 276
 270
 191
 291
 284
 224
 308
 314
 246
 309
 341
 263
 302
 345
 286
 321
 337
 291
 317
 357
 302
 314
 347
 313
 311
 355
 319
 320
 329
 325
 320
 350
 327
 291
 339
 331
 275
 316
 329
 227
 279
 331
 196
 244
 280
 135
 125
 38
 184
 170
 84
 227
 216
 128
 269
 251
 162
 289
 283
 191
 307
 306
 218
 325
 326
 247
 334
 341
 265
 335
 355
 285
 336
 363
 297
 328
 366
 311
 333
 360
 323
 340
 359
 320
 318
 366
 303
 320
 345
 320
 291
 339
 331
 275
 306
 329
 228
 274
 324
 197
 244
 280
 156
 131
 38
 201
 175
 84
 241
 223
 129
 282
 261
 162
 295
 288
 194
 324
 306
 218
 340
 288
 247
 341
 349
 268
 352
 362
 283
 352
 366
 288
 351
 345
 304
 348
 370
 329
 339
 379
 330
 318
 366
 303
 320
 345
 320
 291
 339
 331
 275
 306
 329
 233
 260
 331
 201
 244
 280
 169
 138
 38
 215
 180
 84
 257
 227
 129
 283
 258
 164
 311
 291
 191
 340
 315
 220
 342
 335
 240
 354
 343
 262
 363
 366
 279
 357
 369
 294
 364
 364
 301
 364
 387
 312
 339
 379
 330
 318
 360
 303
 320
 344
 320
 291
 339
 331
 279
 316
 320
 227
 275
 331
 191
 244
 280
 172
 135
 38
 223
 184
 84
 265
 225
 128
 300
 264
 162
 327
 290
 198
 339
 317
 222
 354
 332
 242
 368
 341
 264
 373
 367
 278
 368
 363
 294
 376
 367
 306
 364
 387
 312
 339
 379
 330
 318
 370
 303
 320
 331
 320
 291
 339
 331
 275
 316
 320
 224
 274
 331
 192
 244
 280
 184
 137
 38
 233
 179
 84
 269
 219
 128
 304
 260
 166
 336
 294
 192
 355
 312
 218
 366
 332
 245
 376
 345
 267
 384
 363
 279
 383
 369
 298
 367
 367
 306
 364
 387
 331
 339
 373
 330
 318
 366
 303
 320
 331
 320
 291
 339
 331
 275
 316
 329
 224
 260
 331
 193
 244
 280
 187
 137
 38
 226
 182
 84
 279
 214
 128
 314
 263
 158
 330
 288
 196
 356
 316
 218
 378
 334
 246
 378
 354
 256
 387
 359
 286
 381
 361
 298
 368
 366
 306
 364
 387
 331
 339
 373
 330
 318
 366
 303
 320
 344
 327
 291
 339
 331
 275
 306
 318
 228
 274
 331
 197
 244
 280
 194
 135
 38
 237
 180
 84
 274
 227
 128
 317
 259
 164
 334
 284
 189
 362
 311
 222
 376
 330
 248
 373
 344
 267
 387
 359
 286
 383
 362
 298
 377
 367
 306
 364
 387
 331
 339
 373
 330
 318
 360
 303
 320
 350
 320
 291
 339
 331
 275
 306
 320
 227
 265
 324
 191
 244
 280
 181
 138
 38
 233
 179
 84
 285
 227
 128
 312
 257
 162
 334
 296
 189
 360
 313
 222
 388
 329
 244
 373
 342
 267
 387
 359
 286
 381
 361
 298
 368
 367
 306
 364
 387
 312
 339
 373
 330
 318
 360
 303
 320
 344
 320
 291
 339
 331
 275
 316
 320
 224
 270
 319
 191
 244
 280
 199
 136
 38
 245
 177
 83
 275
 223
 128
 311
 259
 160
 350
 286
 194
 368
 318
 224
 387
 329
 244
 379
 344
 267
 387
 361
 286
 380
 370
 298
 367
 367
 306
 364
 387
 312
 339
 373
 330
 318
 366
 303
 320
 350
 320
 291
 339
 331
 275
 306
 329
 224
 261
 319
 200
 244
 280
 194
 138
 38
 229
 181
 83
 280
 225
 129
 324
 264
 162
 351
 287
 195
 368
 318
 224
 382
 329
 244
 374
 342
 267
 387
 359
 286
 378
 370
 298
 368
 366
 306
 364
 387
 331
 339
 373
 330
 318
 370
 303
 320
 331
 320
 291
 339
 331
 275
 306
 318
 231
 263
 331
 193
 244
 280
 191
 137
 38
 234
 183
 84
 283
 227
 128
 316
 262
 162
 350
 287
 195
 368
 318
 224
 382
 329
 244
 374
 344
 267
 387
 359
 286
 380
 362
 298
 367
 366
 306
 364
 387
 312
 339
 378
 330
 318
 364
 303
 320
 331
 327
 291
 339
 331
 279
 306
 320
 227
 263
 319
 192
 244
 280
 195
 133
 38
 238
 181
 84
 279
 226
 128
 316
 262
 162
 349
 287
 195
 368
 318
 224
 389
 329
 244
 373
 344
 267
 387
 359
 286
 378
 369
 298
 375
 367
 306
 364
 387
 312
 339
 373
 330
 318
 364
 303
 320
 350
 320
 291
 339
 331
 275
 306
 329
 227
 266
 331
 191
 244
 280
 200
 138
 38
 244
 183
 84
 284
 226
 128
 316
 262
 162
 344
 287
 195
 368
 318
 224
 382
 329
 244
 375
 342
 267
 387
 353
 286
 378
 361
 298
 368
 367
 306
 364
 387
 312
 339
 379
 330
 318
 364
 303
 320
 331
 320
 291
 339
 331
 279
 316
 329
 228
 271
 319
 193
 244
 280
 192
 134
 38
 244
 183
 84
 278
 226
 128
 314
 262
 162
 350
 287
 195
 368
 318
 224
 386
 329
 244
 376
 344
 267
 387
 355
 286
 383
 368
 298
 378
 367
 306
 364
 387
 331
 339
 373
 330
 318
 364
 303
 320
 350
 320
 291
 339
 331
 279
 316
 320
 224
 285
 331
 196
 244
 280
# name: replan_energy
# type: matrix
# rows: 3
# columns: 10
 2245.71142578125 2245.71142578125 2245.71142578125 2245.71142578125 2245.71142578125 2245.71142578125 2245.71142578125 2245.71142578125 2245.71142578125 2245.71142578125
 2463.389404296875 2463.389404296875 2463.389404296875 2463.389404296875 2463.389404296875 2463.389404296875 2463.389404296875 2463.389404296875 2463.389404296875 2463.389404296875
 2232.137939453125 2232.137939453125 2232.137939453125 2232.137939453125 2232.137939453125 2232.137939453125 2232.137939453125 2232.137939453125 2232.137939453125 2232.137939453125
# name: replan_flags
# type: matrix
# rows: 3
# columns: 10
 307 307 307 307 307 307 307 307 307 307
 341 341 341 341 341 341 341 341 341 341
 292 292 292 292 292 292 292 292 292 292
# name: wait_energy
# type: matrix
# rows: 3
# columns: 10
 3254.102294921875 3231.550048828125 3258.06494140625 3260.085693359375 3299.2880859375 3190.66796875 3241.13037109375 3224.10205078125 3177.0029296875 3355.771484375
 3157.728759765625 3082.330322265625 3149.771484375 3073.233154296875 3143.616455078125 3075.31884765625 3060.342529296875 3136.7021484375 3138.125 3098.281494140625
 2723.27392578125 2764.76513671875 2788.483642578125 2750.8662109375 2956.12548828125 2585.61767578125 2815.690185546875 2967.866455078125 2828.578369140625 3079.349609375
# name: wait_flags
# type: matrix
# rows: 3
# columns: 10
 366 363 363 367 369 357 355 367 362 372
 362 351 365 362 357 359 350 361 356 361
 279 288 286 270 306 265 286 304 288 315
