# Created by Octave 3.0.1, Mon Sep 14 17:01:09 2009 PDT <jwawerla@marvin2>
# name: meanTaskA
# type: matrix
# ndims: 3
 3 20 20
 6.598166666666667
 6.945777777777778
 7.974791666666667
 7.582805555555556
 9.407138888888889
 8.80636111111111
 7.230291666666667
 9.815277777777778
 10.43166666666667
 8.549361111111111
 10.79745833333333
 10.75183333333333
 8.476458333333333
 10.16358333333333
 10.91388888888889
 9.002319444444444
 11.40559722222222
 10.12004166666667
 9.002055555555556
 12.52379166666667
 10.51747222222222
 9.065555555555555
 9.11773611111111
 11.14597222222222
 9.01136111111111
 11.35226388888889
 12.62179166666667
 8.762236111111111
 13.01131944444444
 11.95166666666667
 9.408083333333334
 12.61141666666667
 12.41595833333333
 4.999930555555555
 6.999902777777778
 9.054027777777778
 4.999930555555555
 6.999902777777778
 9.778055555555556
 4.999930555555555
 6.999902777777778
 8.999874999999999
 4.999930555555555
 6.999902777777778
 8.999874999999999
 4.999930555555555
 6.999902777777778
 8.999874999999999
 4.999930555555555
 6.999902777777778
 9.094319444444444
 4.999930555555555
 6.999902777777778
 8.999874999999999
 4.999930555555555
 6.999902777777778
 8.999874999999999
 4.999930555555555
 6.999902777777778
 8.999874999999999
 6.455555555555556
 8.458541666666667
 7.452611111111112
 6.964055555555555
 8.58238888888889
 7.388472222222222
 7.64675
 10.73394444444444
 10.48691666666667
 7.469569444444445
 9.515513888888888
 9.342888888888888
 7.701263888888889
 10.15969444444444
 12.11491666666667
 8.606194444444444
 11.24981944444444
 9.42225
 8.635833333333334
 12.72748611111111
 12.18768055555556
 8.428902777777777
 11.07080555555556
 12.83502777777778
 9.291416666666667
 11.32263888888889
 12.42836111111111
 9.204430555555556
 12.52056944444444
 11.90593055555556
 8.552708333333333
 10.46990277777778
 11.76268055555555
 0
 0
 0
 0
 0
 0
 0
 0
 0
 0
 0
 0
 0
 0
 0
 0
 0
 0
 0
 0
 0
 0
 0
 0
 0
 0
 0
 6.498402777777778
 6.479472222222222
 6.943597222222222
 6.729305555555555
 7.605861111111111
 9.401763888888889
 7.971347222222223
 8.972555555555555
 9.021527777777777
 8.229402777777779
 11.37325
 9.115958333333333
 7.953375
 10.57455555555556
 10.80645833333333
 8.498152777777777
 11.09573611111111
 11.17597222222222
 8.75075
 11.43901388888889
 11.68594444444444
 7.660583333333333
 11.89823611111111
 11.45326388888889
 9.380680555555555
 11.71963888888889
 12.52727777777778
 9.123847222222222
 11.90698611111111
 12.65273611111111
 9.667097222222223
 11.80897222222222
 12.70925
 0
 0
 0
 0
 0
 0
 0
 0
 0
 0
 0
 0
 0
 0
 0
 0
 0
 0
 0
 0
 0
 0
 0
 0
 0
 0
 0
 6.440041666666667
 8.072194444444444
 7.887583333333334
 6.847055555555555
 10.041875
 8.560527777777779
 8.093999999999999
 8.831236111111112
 8.944194444444445
 8.070083333333333
 9.476083333333333
 9.914805555555555
 9.430999999999999
 12.236625
 10.57093055555556
 8.440902777777778
 11.07209722222222
 11.47872222222222
 9.392972222222221
 11.75520833333333
 10.59688888888889
 8.744666666666667
 11.72123611111111
 10.93918055555556
 9.828819444444445
 12.015625
 12.04895833333333
 9.116291666666667
 11.26463888888889
 12.297375
 9.09838888888889
 12.85041666666667
 13.41552777777778
 0
 0
 0
 0
 0
 0
 0
 0
 0
 0
 0
 0
 0
 0
 0
 0
 0
 0
 0
 0
 0
 0
 0
 0
 0
 0
 0
 6.233569444444444
 7.347652777777777
 8.369680555555556
 7.32025
 8.272347222222223
 10.10506944444444
 8.284527777777777
 9.377055555555556
 9.247277777777779
 8.232472222222222
 10.938625
 10.79754166666667
 8.454069444444444
 11.17006944444444
 11.11006944444444
 7.669472222222222
 11.45518055555556
 10.79083333333333
 8.929291666666666
 9.96373611111111
 11.69073611111111
 9.466083333333334
 10.84066666666667
 11.66715277777778
 9.516194444444444
 11.196125
 12.42225
 9.027930555555555
 13.07059722222222
 13.11558333333333
 9.801236111111111
 12.05381944444444
 11.22798611111111
 0
 0
 0
 0
 0
 0
 0
 0
 0
 0
 0
 0
 0
 0
 0
 0
 0
 0
 0
 0
 0
 0
 0
 0
 0
 0
 0
 6.750083333333333
 6.633416666666666
 7.890236111111111
 7.453111111111111
 8.115055555555555
 8.521027777777778
 8.073694444444444
 10.58066666666667
 10.70908333333333
 7.864041666666667
 10.42463888888889
 11.87334722222222
 9.022152777777778
 10.71416666666667
 9.98625
 8.927430555555556
 11.52084722222222
 10.86022222222222
 8.872861111111112
 12.382125
 11.73427777777778
 8.183736111111111
 11.73593055555556
 12.54465277777778
 9.570152777777778
 12.14668055555556
 12.01686111111111
 9.249638888888889
 12.27058333333333
 12.59036111111111
 9.629652777777778
 13.16547222222222
 12.05859722222222
 0
 0
 0
 0
 0
 0
 0
 0
 0
 0
 0
 0
 0
 0
 0
 0
 0
 0
 0
 0
 0
 0
 0
 0
 0
 0
 0
 4.745875
 8.560486111111111
 9.304625
 7.245069444444445
 8.728930555555555
 10.05194444444444
 7.887888888888889
 10.477125
 8.691583333333334
 7.566333333333334
 11.23265277777778
 10.61208333333333
 8.930541666666667
 11.59352777777778
 12.12816666666667
 8.520180555555555
 9.876208333333333
 10.86345833333333
 8.981013888888889
 11.43698611111111
 11.99834722222222
 8.205236111111111
 11.30491666666667
 11.98808333333333
 9.716083333333334
 11.76955555555556
 11.76152777777778
 8.774680555555555
 11.81968055555556
 12.390875
 8.782430555555555
 12.81438888888889
 11.918625
 0
 0
 0
 0
 0
 0
 0
 0
 0
 0
 0
 0
 0
 0
 0
 0
 0
 0
 0
 0
 0
 0
 0
 0
 0
 0
 0
 6.043166666666667
 7.567180555555556
 8.003277777777777
 6.544305555555556
 7.485444444444444
 8.876972222222221
 7.816958333333333
 9.001486111111111
 8.127180555555556
 8.016083333333333
 10.6285
 9.877277777777778
 8.560111111111111
 12.13559722222222
 11.87955555555556
 8.835430555555556
 10.81202777777778
 9.74538888888889
 8.713694444444444
 12.674375
 12.10222222222222
 9.290305555555555
 11.92788888888889
 12.01363888888889
 9.089347222222223
 11.41047222222222
 12.66994444444444
 9.530152777777777
 12.14188888888889
 11.49
 9.237055555555555
 12.72161111111111
 11.636125
 0
 0
 0
 0
 0
 0
 0
 0
 0
 0
 0
 0
 0
 0
 0
 0
 0
 0
 0
 0
 0
 0
 0
 0
 0
 0
 0
 6.785027777777778
 6.431416666666666
 4.509541666666666
 6.891361111111111
 8.221111111111112
 9.487027777777778
 7.279527777777778
 11.74819444444444
 10.21491666666667
 8.033250000000001
 10.14490277777778
 10.76256944444444
 9.030138888888889
 10.24906944444444
 9.96336111111111
 8.856916666666667
 10.97456944444444
 10.43623611111111
 9.530291666666667
 10.51184722222222
 11.37551388888889
 8.734500000000001
 11.25433333333333
 11.31322222222222
 8.533194444444444
 12.10220833333333
 11.10398611111111
 8.932819444444444
 13.24309722222222
 12.26116666666667
 9.943361111111111
 11.77806944444444
 13.23572222222222
 0
 0
 0
 0
 0
 0
 0
 0
 0
 0
 0
 0
 0
 0
 0
 0
 0
 0
 0
 0
 0
 0
 0
 0
 0
 0
 0
 7.023638888888889
 8.768902777777777
 7.858152777777778
 8.220583333333334
 9.381444444444444
 7.810013888888889
 7.683138888888889
 9.688888888888888
 8.957875
 8.713416666666667
 8.548513888888889
 10.11165277777778
 8.580986111111111
 10.56154166666667
 9.941486111111111
 8.716888888888889
 11.85066666666667
 12.53738888888889
 8.698569444444445
 12.55158333333333
 11.35597222222222
 9.137236111111111
 11.85891666666667
 13.15718055555556
 9.408458333333334
 12.35404166666667
 12.01694444444444
 10.103375
 12.31426388888889
 12.92290277777778
 8.955125000000001
 12.0805
 12.162
 0
 0
 0
 0
 0
 0
 0
 0
 0
 0
 0
 0
 0
 0
 0
 0
 0
 0
 0
 0
 0
 0
 0
 0
 0
 0
 0
 6.404916666666667
 8.302375
 10.44994444444444
 6.313708333333333
 9.534513888888888
 9.838444444444445
 8.14673611111111
 8.895875
 7.449472222222222
 8.217361111111112
 10.58522222222222
 9.012555555555556
 7.761
 10.66590277777778
 10.99048611111111
 8.33625
 12.08347222222222
 11.63769444444444
 9.49348611111111
 11.00229166666667
 11.67268055555556
 8.926236111111111
 11.75252777777778
 11.91748611111111
 9.711083333333333
 12.25211111111111
 11.13147222222222
 9.06936111111111
 12.115375
 11.46443055555556
 9.847347222222222
 11.20026388888889
 12.69673611111111
 0
 0
 0
 0
 0
 0
 0
 0
 0
 0
 0
 0
 0
 0
 0
 0
 0
 0
 0
 0
 0
 0
 0
 0
 0
 0
 0
 5.547625
 8.216180555555555
 7.782597222222222
 6.562680555555556
 9.154458333333332
 7.15225
 7.518888888888889
 10.357625
 8.845736111111112
 7.662805555555556
 10.10104166666667
 10.86930555555556
 8.923027777777778
 10.01375
 10.52251388888889
 8.620958333333334
 11.67541666666667
 12.41256944444445
 9.07475
 12.66377777777778
 11.91795833333333
 8.808513888888889
 11.89055555555556
 12.30156944444444
 9.396111111111111
 11.18758333333333
 11.36640277777778
 8.933180555555555
 10.90468055555556
 12.68208333333333
 9.191152777777777
 11.33972222222222
 12.83870833333333
 0
 0
 0
 0
 0
 0
 0
 0
 0
 0
 0
 0
 0
 0
 0
 0
 0
 0
 0
 0
 0
 0
 0
 0
 0
 0
 0
 7.164
 6.811791666666666
 5.615944444444445
 8.048555555555556
 7.025819444444444
 7.594486111111111
 7.388416666666667
 9.771430555555556
 8.345666666666666
 8.935236111111111
 8.860763888888888
 9.587416666666666
 7.586347222222222
 9.796138888888889
 11.91845833333333
 8.406805555555556
 11.65615277777778
 11.39573611111111
 8.32048611111111
 11.61506944444444
 11.19752777777778
 9.357611111111112
 10.38465277777778
 12.85725
 9.25225
 12.06611111111111
 12.91661111111111
 9.347986111111112
 11.73854166666667
 12.36604166666667
 9.364194444444445
 10.28575
 12.41654166666667
 0
 0
 0
 0
 0
 0
 0
 0
 0
 0
 0
 0
 0
 0
 0
 0
 0
 0
 0
 0
 0
 0
 0
 0
 0
 0
 0
 5.458708333333333
 7.71125
 7.564875
 6.822208333333333
 8.792444444444444
 8.388083333333332
 8.00763888888889
 9.717000000000001
 8.618041666666667
 9.462249999999999
 8.467736111111112
 10.91936111111111
 8.539319444444445
 10.83069444444445
 9.601527777777777
 9.410180555555556
 12.26631944444444
 10.45379166666667
 8.982111111111111
 10.619375
 10.53331944444444
 9.347194444444444
 11.928875
 11.87675
 9.128083333333333
 12.42075
 11.64972222222222
 9.145583333333333
 12.74288888888889
 11.93155555555555
 9.500111111111112
 11.860375
 12.22641666666667
 0
 0
 0
 0
 0
 0
 0
 0
 0
 0
 0
 0
 0
 0
 0
 0
 0
 0
 0
 0
 0
 0
 0
 0
 0
 0
 0
 6.279763888888889
 7.214180555555555
 8.132625000000001
 7.121777777777778
 7.653472222222222
 8.821597222222222
 7.533138888888889
 10.17056944444444
 8.95875
 8.280611111111112
 8.374041666666667
 10.20665277777778
 8.506541666666667
 10.14304166666667
 11.55090277777778
 8.312819444444445
 11.32795833333333
 11.67352777777778
 9.081166666666666
 10.24636111111111
 13.40906944444444
 8.78813888888889
 11.70276388888889
 12.39284722222222
 9.435444444444444
 12.38906944444444
 12.20033333333333
 8.240319444444445
 12.48330555555555
 11.23490277777778
 9.204499999999999
 12.51602777777778
 12.79465277777778
 0
 0
 0
 0
 0
 0
 0
 0
 0
 0
 0
 0
 0
 0
 0
 0
 0
 0
 0
 0
 0
 0
 0
 0
 0
 0
 0
 5.009541666666666
 4.910638888888889
 6.484305555555555
 7.006930555555556
 9.945638888888888
 9.363069444444445
 8.587736111111111
 10.68959722222222
 9.955458333333333
 8.230805555555555
 10.84351388888889
 8.843916666666667
 8.834416666666666
 10.54272222222222
 10.24384722222222
 8.727361111111112
 12.03615277777778
 11.74830555555556
 8.093986111111111
 10.95901388888889
 12.08769444444444
 9.052041666666666
 11.63122222222222
 12.08709722222222
 8.987347222222223
 12.67256944444444
 11.84194444444444
 9.359152777777778
 12.77277777777778
 13.16070833333333
 9.215680555555556
 11.80619444444445
 11.24283333333333
 0
 0
 0
 0
 0
 0
 0
 0
 0
 0
 0
 0
 0
 0
 0
 0
 0
 0
 0
 0
 0
 0
 0
 0
 0
 0
 0
 6.958847222222222
 5.511736111111111
 9.718958333333333
 8.291236111111111
 9.048055555555555
 8.754652777777778
 6.876111111111111
 9.166611111111111
 8.624638888888889
 8.137180555555556
 10.22902777777778
 9.511486111111111
 8.237083333333333
 9.941513888888888
 9.577805555555555
 8.771833333333333
 11.30583333333333
 10.87361111111111
 8.963583333333334
 12.12544444444444
 11.75031944444444
 9.242236111111112
 11.30381944444444
 11.33726388888889
 9.649916666666666
 14.30019444444445
 11.95405555555556
 9.142361111111111
 11.47920833333333
 12.92644444444444
 9.454569444444445
 11.40833333333333
 12.44711111111111
 0
 0
 0
 0
 0
 0
 0
 0
 0
 0
 0
 0
 0
 0
 0
 0
 0
 0
 0
 0
 0
 0
 0
 0
 0
 0
 0
 6.645875
 6.572472222222222
 9.222388888888888
 7.642138888888889
 8.452999999999999
 8.786625000000001
 7.471111111111111
 9.556541666666666
 11.28084722222222
 8.156333333333333
 10.07925
 9.711819444444444
 7.641680555555555
 10.33502777777778
 8.599361111111111
 8.695874999999999
 10.99979166666667
 11.87094444444444
 8.980597222222222
 11.08875
 10.76958333333333
 9.369069444444444
 12.14948611111111
 13.08458333333333
 9.217708333333333
 13.134375
 12.91666666666667
 9.561541666666667
 12.40473611111111
 12.31184722222222
 9.492069444444445
 12.71245833333333
 12.78788888888889
 0
 0
 0
 0
 0
 0
 0
 0
 0
 0
 0
 0
 0
 0
 0
 0
 0
 0
 0
 0
 0
 0
 0
 0
 0
 0
 0
 6.385736111111111
 7.735361111111111
 8.076986111111111
 8.135888888888889
 8.874694444444444
 10.34826388888889
 7.539847222222222
 9.546583333333333
 8.736444444444444
 8.104930555555555
 9.207486111111111
 11.42005555555555
 7.667402777777777
 9.486736111111112
 10.03788888888889
 9.300208333333334
 11.404125
 11.11691666666667
 8.629055555555556
 11.099875
 11.70775
 8.871847222222222
 12.02383333333333
 12.36256944444444
 8.451111111111111
 11.72504166666667
 12.24030555555556
 8.602791666666667
 11.52370833333333
 11.80901388888889
 9.128013888888889
 12.85069444444444
 13.46776388888889
 0
 0
 0
 0
 0
 0
 0
 0
 0
 0
 0
 0
 0
 0
 0
 0
 0
 0
 0
 0
 0
 0
 0
 0
 0
 0
 0
 6.485444444444444
 7.697263888888889
 6.920902777777778
 6.41475
 9.514583333333333
 9.673333333333334
 7.250916666666667
 8.826194444444445
 11.21115277777778
 8.27323611111111
 10.79083333333333
 10.76958333333333
 7.396541666666667
 10.50781944444445
 10.75036111111111
 8.89751388888889
 12.34444444444444
 11.61827777777778
 9.268222222222223
 10.08445833333333
 10.36994444444444
 9.237319444444445
 11.87161111111111
 10.85227777777778
 9.291027777777778
 10.17852777777778
 11.12719444444445
 9.895875
 12.69063888888889
 11.54695833333333
 8.889055555555556
 12.99011111111111
 11.99211111111111
 0
 0
 0
 0
 0
 0
 0
 0
 0
 0
 0
 0
 0
 0
 0
 0
 0
 0
 0
 0
 0
 0
 0
 0
 0
 0
 0
# name: stdTaskA
# type: matrix
# ndims: 3
 3 20 20
 6.598166666666667
 6.945777777777778
 7.974791666666667
 7.582805555555556
 9.407138888888889
 8.80636111111111
 7.230291666666667
 9.815277777777778
 10.43166666666667
 8.549361111111111
 10.79745833333333
 10.75183333333333
 8.476458333333333
 10.16358333333333
 10.91388888888889
 9.002319444444444
 11.40559722222222
 10.12004166666667
 9.002055555555556
 12.52379166666667
 10.51747222222222
 9.065555555555555
 9.11773611111111
 11.14597222222222
 9.01136111111111
 11.35226388888889
 12.62179166666667
 8.762236111111111
 13.01131944444444
 11.95166666666667
 9.408083333333334
 12.61141666666667
 12.41595833333333
 4.999930555555555
 6.999902777777778
 9.054027777777778
 4.999930555555555
 6.999902777777778
 9.778055555555556
 4.999930555555555
 6.999902777777778
 8.999874999999999
 4.999930555555555
 6.999902777777778
 8.999874999999999
 4.999930555555555
 6.999902777777778
 8.999874999999999
 4.999930555555555
 6.999902777777778
 9.094319444444444
 4.999930555555555
 6.999902777777778
 8.999874999999999
 4.999930555555555
 6.999902777777778
 8.999874999999999
 4.999930555555555
 6.999902777777778
 8.999874999999999
 6.455555555555556
 8.458541666666667
 7.452611111111112
 6.964055555555555
 8.58238888888889
 7.388472222222222
 7.64675
 10.73394444444444
 10.48691666666667
 7.469569444444445
 9.515513888888888
 9.342888888888888
 7.701263888888889
 10.15969444444444
 12.11491666666667
 8.606194444444444
 11.24981944444444
 9.42225
 8.635833333333334
 12.72748611111111
 12.18768055555556
 8.428902777777777
 11.07080555555556
 12.83502777777778
 9.291416666666667
 11.32263888888889
 12.42836111111111
 9.204430555555556
 12.52056944444444
 11.90593055555556
 8.552708333333333
 10.46990277777778
 11.76268055555555
 0
 0
 0
 0
 0
 0
 0
 0
 0
 0
 0
 0
 0
 0
 0
 0
 0
 0
 0
 0
 0
 0
 0
 0
 0
 0
 0
 6.498402777777778
 6.479472222222222
 6.943597222222222
 6.729305555555555
 7.605861111111111
 9.401763888888889
 7.971347222222223
 8.972555555555555
 9.021527777777777
 8.229402777777779
 11.37325
 9.115958333333333
 7.953375
 10.57455555555556
 10.80645833333333
 8.498152777777777
 11.09573611111111
 11.17597222222222
 8.75075
 11.43901388888889
 11.68594444444444
 7.660583333333333
 11.89823611111111
 11.45326388888889
 9.380680555555555
 11.71963888888889
 12.52727777777778
 9.123847222222222
 11.90698611111111
 12.65273611111111
 9.667097222222223
 11.80897222222222
 12.70925
 0
 0
 0
 0
 0
 0
 0
 0
 0
 0
 0
 0
 0
 0
 0
 0
 0
 0
 0
 0
 0
 0
 0
 0
 0
 0
 0
 6.440041666666667
 8.072194444444444
 7.887583333333334
 6.847055555555555
 10.041875
 8.560527777777779
 8.093999999999999
 8.831236111111112
 8.944194444444445
 8.070083333333333
 9.476083333333333
 9.914805555555555
 9.430999999999999
 12.236625
 10.57093055555556
 8.440902777777778
 11.07209722222222
 11.47872222222222
 9.392972222222221
 11.75520833333333
 10.59688888888889
 8.744666666666667
 11.72123611111111
 10.93918055555556
 9.828819444444445
 12.015625
 12.04895833333333
 9.116291666666667
 11.26463888888889
 12.297375
 9.09838888888889
 12.85041666666667
 13.41552777777778
 0
 0
 0
 0
 0
 0
 0
 0
 0
 0
 0
 0
 0
 0
 0
 0
 0
 0
 0
 0
 0
 0
 0
 0
 0
 0
 0
 6.233569444444444
 7.347652777777777
 8.369680555555556
 7.32025
 8.272347222222223
 10.10506944444444
 8.284527777777777
 9.377055555555556
 9.247277777777779
 8.232472222222222
 10.938625
 10.79754166666667
 8.454069444444444
 11.17006944444444
 11.11006944444444
 7.669472222222222
 11.45518055555556
 10.79083333333333
 8.929291666666666
 9.96373611111111
 11.69073611111111
 9.466083333333334
 10.84066666666667
 11.66715277777778
 9.516194444444444
 11.196125
 12.42225
 9.027930555555555
 13.07059722222222
 13.11558333333333
 9.801236111111111
 12.05381944444444
 11.22798611111111
 0
 0
 0
 0
 0
 0
 0
 0
 0
 0
 0
 0
 0
 0
 0
 0
 0
 0
 0
 0
 0
 0
 0
 0
 0
 0
 0
 6.750083333333333
 6.633416666666666
 7.890236111111111
 7.453111111111111
 8.115055555555555
 8.521027777777778
 8.073694444444444
 10.58066666666667
 10.70908333333333
 7.864041666666667
 10.42463888888889
 11.87334722222222
 9.022152777777778
 10.71416666666667
 9.98625
 8.927430555555556
 11.52084722222222
 10.86022222222222
 8.872861111111112
 12.382125
 11.73427777777778
 8.183736111111111
 11.73593055555556
 12.54465277777778
 9.570152777777778
 12.14668055555556
 12.01686111111111
 9.249638888888889
 12.27058333333333
 12.59036111111111
 9.629652777777778
 13.16547222222222
 12.05859722222222
 0
 0
 0
 0
 0
 0
 0
 0
 0
 0
 0
 0
 0
 0
 0
 0
 0
 0
 0
 0
 0
 0
 0
 0
 0
 0
 0
 4.745875
 8.560486111111111
 9.304625
 7.245069444444445
 8.728930555555555
 10.05194444444444
 7.887888888888889
 10.477125
 8.691583333333334
 7.566333333333334
 11.23265277777778
 10.61208333333333
 8.930541666666667
 11.59352777777778
 12.12816666666667
 8.520180555555555
 9.876208333333333
 10.86345833333333
 8.981013888888889
 11.43698611111111
 11.99834722222222
 8.205236111111111
 11.30491666666667
 11.98808333333333
 9.716083333333334
 11.76955555555556
 11.76152777777778
 8.774680555555555
 11.81968055555556
 12.390875
 8.782430555555555
 12.81438888888889
 11.918625
 0
 0
 0
 0
 0
 0
 0
 0
 0
 0
 0
 0
 0
 0
 0
 0
 0
 0
 0
 0
 0
 0
 0
 0
 0
 0
 0
 6.043166666666667
 7.567180555555556
 8.003277777777777
 6.544305555555556
 7.485444444444444
 8.876972222222221
 7.816958333333333
 9.001486111111111
 8.127180555555556
 8.016083333333333
 10.6285
 9.877277777777778
 8.560111111111111
 12.13559722222222
 11.87955555555556
 8.835430555555556
 10.81202777777778
 9.74538888888889
 8.713694444444444
 12.674375
 12.10222222222222
 9.290305555555555
 11.92788888888889
 12.01363888888889
 9.089347222222223
 11.41047222222222
 12.66994444444444
 9.530152777777777
 12.14188888888889
 11.49
 9.237055555555555
 12.72161111111111
 11.636125
 0
 0
 0
 0
 0
 0
 0
 0
 0
 0
 0
 0
 0
 0
 0
 0
 0
 0
 0
 0
 0
 0
 0
 0
 0
 0
 0
 6.785027777777778
 6.431416666666666
 4.509541666666666
 6.891361111111111
 8.221111111111112
 9.487027777777778
 7.279527777777778
 11.74819444444444
 10.21491666666667
 8.033250000000001
 10.14490277777778
 10.76256944444444
 9.030138888888889
 10.24906944444444
 9.96336111111111
 8.856916666666667
 10.97456944444444
 10.43623611111111
 9.530291666666667
 10.51184722222222
 11.37551388888889
 8.734500000000001
 11.25433333333333
 11.31322222222222
 8.533194444444444
 12.10220833333333
 11.10398611111111
 8.932819444444444
 13.24309722222222
 12.26116666666667
 9.943361111111111
 11.77806944444444
 13.23572222222222
 0
 0
 0
 0
 0
 0
 0
 0
 0
 0
 0
 0
 0
 0
 0
 0
 0
 0
 0
 0
 0
 0
 0
 0
 0
 0
 0
 7.023638888888889
 8.768902777777777
 7.858152777777778
 8.220583333333334
 9.381444444444444
 7.810013888888889
 7.683138888888889
 9.688888888888888
 8.957875
 8.713416666666667
 8.548513888888889
 10.11165277777778
 8.580986111111111
 10.56154166666667
 9.941486111111111
 8.716888888888889
 11.85066666666667
 12.53738888888889
 8.698569444444445
 12.55158333333333
 11.35597222222222
 9.137236111111111
 11.85891666666667
 13.15718055555556
 9.408458333333334
 12.35404166666667
 12.01694444444444
 10.103375
 12.31426388888889
 12.92290277777778
 8.955125000000001
 12.0805
 12.162
 0
 0
 0
 0
 0
 0
 0
 0
 0
 0
 0
 0
 0
 0
 0
 0
 0
 0
 0
 0
 0
 0
 0
 0
 0
 0
 0
 6.404916666666667
 8.302375
 10.44994444444444
 6.313708333333333
 9.534513888888888
 9.838444444444445
 8.14673611111111
 8.895875
 7.449472222222222
 8.217361111111112
 10.58522222222222
 9.012555555555556
 7.761
 10.66590277777778
 10.99048611111111
 8.33625
 12.08347222222222
 11.63769444444444
 9.49348611111111
 11.00229166666667
 11.67268055555556
 8.926236111111111
 11.75252777777778
 11.91748611111111
 9.711083333333333
 12.25211111111111
 11.13147222222222
 9.06936111111111
 12.115375
 11.46443055555556
 9.847347222222222
 11.20026388888889
 12.69673611111111
 0
 0
 0
 0
 0
 0
 0
 0
 0
 0
 0
 0
 0
 0
 0
 0
 0
 0
 0
 0
 0
 0
 0
 0
 0
 0
 0
 5.547625
 8.216180555555555
 7.782597222222222
 6.562680555555556
 9.154458333333332
 7.15225
 7.518888888888889
 10.357625
 8.845736111111112
 7.662805555555556
 10.10104166666667
 10.86930555555556
 8.923027777777778
 10.01375
 10.52251388888889
 8.620958333333334
 11.67541666666667
 12.41256944444445
 9.07475
 12.66377777777778
 11.91795833333333
 8.808513888888889
 11.89055555555556
 12.30156944444444
 9.396111111111111
 11.18758333333333
 11.36640277777778
 8.933180555555555
 10.90468055555556
 12.68208333333333
 9.191152777777777
 11.33972222222222
 12.83870833333333
 0
 0
 0
 0
 0
 0
 0
 0
 0
 0
 0
 0
 0
 0
 0
 0
 0
 0
 0
 0
 0
 0
 0
 0
 0
 0
 0
 7.164
 6.811791666666666
 5.615944444444445
 8.048555555555556
 7.025819444444444
 7.594486111111111
 7.388416666666667
 9.771430555555556
 8.345666666666666
 8.935236111111111
 8.860763888888888
 9.587416666666666
 7.586347222222222
 9.796138888888889
 11.91845833333333
 8.406805555555556
 11.65615277777778
 11.39573611111111
 8.32048611111111
 11.61506944444444
 11.19752777777778
 9.357611111111112
 10.38465277777778
 12.85725
 9.25225
 12.06611111111111
 12.91661111111111
 9.347986111111112
 11.73854166666667
 12.36604166666667
 9.364194444444445
 10.28575
 12.41654166666667
 0
 0
 0
 0
 0
 0
 0
 0
 0
 0
 0
 0
 0
 0
 0
 0
 0
 0
 0
 0
 0
 0
 0
 0
 0
 0
 0
 5.458708333333333
 7.71125
 7.564875
 6.822208333333333
 8.792444444444444
 8.388083333333332
 8.00763888888889
 9.717000000000001
 8.618041666666667
 9.462249999999999
 8.467736111111112
 10.91936111111111
 8.539319444444445
 10.83069444444445
 9.601527777777777
 9.410180555555556
 12.26631944444444
 10.45379166666667
 8.982111111111111
 10.619375
 10.53331944444444
 9.347194444444444
 11.928875
 11.87675
 9.128083333333333
 12.42075
 11.64972222222222
 9.145583333333333
 12.74288888888889
 11.93155555555555
 9.500111111111112
 11.860375
 12.22641666666667
 0
 0
 0
 0
 0
 0
 0
 0
 0
 0
 0
 0
 0
 0
 0
 0
 0
 0
 0
 0
 0
 0
 0
 0
 0
 0
 0
 6.279763888888889
 7.214180555555555
 8.132625000000001
 7.121777777777778
 7.653472222222222
 8.821597222222222
 7.533138888888889
 10.17056944444444
 8.95875
 8.280611111111112
 8.374041666666667
 10.20665277777778
 8.506541666666667
 10.14304166666667
 11.55090277777778
 8.312819444444445
 11.32795833333333
 11.67352777777778
 9.081166666666666
 10.24636111111111
 13.40906944444444
 8.78813888888889
 11.70276388888889
 12.39284722222222
 9.435444444444444
 12.38906944444444
 12.20033333333333
 8.240319444444445
 12.48330555555555
 11.23490277777778
 9.204499999999999
 12.51602777777778
 12.79465277777778
 0
 0
 0
 0
 0
 0
 0
 0
 0
 0
 0
 0
 0
 0
 0
 0
 0
 0
 0
 0
 0
 0
 0
 0
 0
 0
 0
 5.009541666666666
 4.910638888888889
 6.484305555555555
 7.006930555555556
 9.945638888888888
 9.363069444444445
 8.587736111111111
 10.68959722222222
 9.955458333333333
 8.230805555555555
 10.84351388888889
 8.843916666666667
 8.834416666666666
 10.54272222222222
 10.24384722222222
 8.727361111111112
 12.03615277777778
 11.74830555555556
 8.093986111111111
 10.95901388888889
 12.08769444444444
 9.052041666666666
 11.63122222222222
 12.08709722222222
 8.987347222222223
 12.67256944444444
 11.84194444444444
 9.359152777777778
 12.77277777777778
 13.16070833333333
 9.215680555555556
 11.80619444444445
 11.24283333333333
 0
 0
 0
 0
 0
 0
 0
 0
 0
 0
 0
 0
 0
 0
 0
 0
 0
 0
 0
 0
 0
 0
 0
 0
 0
 0
 0
 6.958847222222222
 5.511736111111111
 9.718958333333333
 8.291236111111111
 9.048055555555555
 8.754652777777778
 6.876111111111111
 9.166611111111111
 8.624638888888889
 8.137180555555556
 10.22902777777778
 9.511486111111111
 8.237083333333333
 9.941513888888888
 9.577805555555555
 8.771833333333333
 11.30583333333333
 10.87361111111111
 8.963583333333334
 12.12544444444444
 11.75031944444444
 9.242236111111112
 11.30381944444444
 11.33726388888889
 9.649916666666666
 14.30019444444445
 11.95405555555556
 9.142361111111111
 11.47920833333333
 12.92644444444444
 9.454569444444445
 11.40833333333333
 12.44711111111111
 0
 0
 0
 0
 0
 0
 0
 0
 0
 0
 0
 0
 0
 0
 0
 0
 0
 0
 0
 0
 0
 0
 0
 0
 0
 0
 0
 6.645875
 6.572472222222222
 9.222388888888888
 7.642138888888889
 8.452999999999999
 8.786625000000001
 7.471111111111111
 9.556541666666666
 11.28084722222222
 8.156333333333333
 10.07925
 9.711819444444444
 7.641680555555555
 10.33502777777778
 8.599361111111111
 8.695874999999999
 10.99979166666667
 11.87094444444444
 8.980597222222222
 11.08875
 10.76958333333333
 9.369069444444444
 12.14948611111111
 13.08458333333333
 9.217708333333333
 13.134375
 12.91666666666667
 9.561541666666667
 12.40473611111111
 12.31184722222222
 9.492069444444445
 12.71245833333333
 12.78788888888889
 0
 0
 0
 0
 0
 0
 0
 0
 0
 0
 0
 0
 0
 0
 0
 0
 0
 0
 0
 0
 0
 0
 0
 0
 0
 0
 0
 6.385736111111111
 7.735361111111111
 8.076986111111111
 8.135888888888889
 8.874694444444444
 10.34826388888889
 7.539847222222222
 9.546583333333333
 8.736444444444444
 8.104930555555555
 9.207486111111111
 11.42005555555555
 7.667402777777777
 9.486736111111112
 10.03788888888889
 9.300208333333334
 11.404125
 11.11691666666667
 8.629055555555556
 11.099875
 11.70775
 8.871847222222222
 12.02383333333333
 12.36256944444444
 8.451111111111111
 11.72504166666667
 12.24030555555556
 8.602791666666667
 11.52370833333333
 11.80901388888889
 9.128013888888889
 12.85069444444444
 13.46776388888889
 0
 0
 0
 0
 0
 0
 0
 0
 0
 0
 0
 0
 0
 0
 0
 0
 0
 0
 0
 0
 0
 0
 0
 0
 0
 0
 0
 6.485444444444444
 7.697263888888889
 6.920902777777778
 6.41475
 9.514583333333333
 9.673333333333334
 7.250916666666667
 8.826194444444445
 11.21115277777778
 8.27323611111111
 10.79083333333333
 10.76958333333333
 7.396541666666667
 10.50781944444445
 10.75036111111111
 8.89751388888889
 12.34444444444444
 11.61827777777778
 9.268222222222223
 10.08445833333333
 10.36994444444444
 9.237319444444445
 11.87161111111111
 10.85227777777778
 9.291027777777778
 10.17852777777778
 11.12719444444445
 9.895875
 12.69063888888889
 11.54695833333333
 8.889055555555556
 12.99011111111111
 11.99211111111111
 0
 0
 0
 0
 0
 0
 0
 0
 0
 0
 0
 0
 0
 0
 0
 0
 0
 0
 0
 0
 0
 0
 0
 0
 0
 0
 0
# name: meanTaskB
# type: matrix
# ndims: 3
 3 20 20
 4.908361111111111
 2.406875
 2.174361111111111
 5.794930555555555
 1.434805555555555
 1.729013888888889
 5.463319444444444
 1.785708333333333
 2.439958333333333
 5.006194444444445
 1.380902777777778
 2.3995
 5.740652777777778
 2.280847222222222
 1.537319444444444
 5.721666666666667
 1.393597222222222
 1.674458333333333
 5.503958333333333
 2.048472222222222
 1.710041666666667
 5.884791666666667
 1.634388888888889
 2.712305555555556
 6.324652777777778
 2.215041666666667
 2.270208333333333
 5.915888888888889
 2.1205
 2.331805555555555
 5.704138888888889
 1.849361111111111
 1.744652777777778
 4.999930555555555
 3.999944444444445
 0.9999861111111111
 4.999930555555555
 3.999944444444445
 0.9999861111111111
 4.999930555555555
 3.999944444444445
 0.9999861111111111
 4.999930555555555
 3.999944444444445
 0.9999861111111111
 4.999930555555555
 3.999944444444445
 0.9999861111111111
 4.999930555555555
 3.999944444444445
 0.9999861111111111
 4.999930555555555
 3.999944444444445
 0.9999861111111111
 5.033041666666667
 3.999944444444445
 0.9999861111111111
 4.999930555555555
 3.999944444444445
 0.9999861111111111
 4.805277777777778
 1.434916666666667
 2.431138888888889
 5.780958333333333
 2.167152777777778
 2.369652777777778
 5.32475
 2.129861111111111
 1.223111111111111
 6.213
 1.427527777777778
 1.787305555555555
 5.948791666666667
 2.039736111111111
 2.230388888888889
 5.654444444444445
 0.04218055555555555
 3.026847222222222
 5.771569444444444
 2.213902777777778
 2.167847222222222
 6.222597222222222
 1.552680555555556
 1.356861111111111
 5.817430555555555
 1.561833333333333
 1.747847222222222
 6.741083333333333
 2.050263888888889
 1.568708333333333
 6.185388888888889
 1.826875
 1.803361111111111
 0
 0
 0
 0
 0
 0
 0
 0
 0
 0
 0
 0
 0
 0
 0
 0
 0
 0
 0
 0
 0
 0
 0
 0
 0
 0
 0
 3.996
 1.643458333333333
 1.456125
 5.187361111111112
 1.704611111111111
 1.396472222222222
 5.299152777777778
 2.52975
 2.644402777777778
 6.404680555555555
 1.314847222222222
 1.678291666666667
 6.069791666666666
 1.41025
 1.843972222222222
 5.971513888888889
 1.769819444444444
 1.312486111111111
 5.251763888888889
 2.535958333333333
 1.459625
 5.822888888888889
 1.792666666666667
 2.284388888888889
 5.935611111111111
 1.991152777777778
 1.750166666666667
 5.668208333333333
 2.197625
 2.53525
 5.528944444444445
 2.080361111111111
 2.173263888888889
 0
 0
 0
 0
 0
 0
 0
 0
 0
 0
 0
 0
 0
 0
 0
 0
 0
 0
 0
 0
 0
 0
 0
 0
 0
 0
 0
 4.717652777777777
 2.508986111111111
 1.455472222222222
 5.349583333333333
 2.242819444444444
 1.492791666666667
 5.073180555555555
 2.573958333333333
 1.496152777777778
 5.308
 2.239041666666667
 1.256236111111111
 5.573180555555555
 1.400611111111111
 1.497430555555556
 5.252986111111111
 1.499416666666667
 2.269791666666667
 5.511597222222222
 1.467819444444444
 2.18225
 5.505513888888889
 1.820402777777778
 2.549555555555556
 5.332583333333333
 2.601875
 1.527708333333333
 6.544277777777777
 1.467861111111111
 1.572222222222222
 5.897333333333333
 2.417208333333333
 1.885527777777778
 0
 0
 0
 0
 0
 0
 0
 0
 0
 0
 0
 0
 0
 0
 0
 0
 0
 0
 0
 0
 0
 0
 0
 0
 0
 0
 0
 4.414944444444444
 1.356111111111111
 2.232291666666667
 5.047916666666667
 2.493944444444444
 1.100375
 5.194319444444444
 1.449555555555555
 2.470652777777778
 5.502819444444444
 2.361375
 1.332694444444444
 6.239291666666666
 2.392111111111111
 1.985291666666667
 5.9885
 1.670347222222222
 1.655375
 6.049388888888889
 1.921111111111111
 2.317125
 5.786375
 1.478027777777778
 2.178361111111111
 5.948944444444445
 1.460833333333333
 1.670305555555555
 6.208888888888889
 1.39025
 1.229125
 5.614347222222222
 2.130791666666667
 2.401819444444445
 0
 0
 0
 0
 0
 0
 0
 0
 0
 0
 0
 0
 0
 0
 0
 0
 0
 0
 0
 0
 0
 0
 0
 0
 0
 0
 0
 5.257777777777778
 1.451694444444444
 1.856902777777778
 5.078569444444445
 1.269652777777778
 1.821638888888889
 5.607625
 1.765027777777778
 1.708305555555556
 5.600597222222222
 1.858944444444445
 2.174194444444444
 5.44825
 1.426166666666667
 1.493777777777778
 5.595875
 1.494833333333333
 1.577930555555556
 5.659097222222222
 1.508791666666667
 1.616486111111111
 6.288444444444444
 1.466180555555556
 2.365083333333333
 5.893194444444444
 1.990986111111111
 2.435486111111111
 6.159472222222222
 2.124319444444445
 1.577013888888889
 5.795125
 1.431444444444445
 1.544583333333333
 0
 0
 0
 0
 0
 0
 0
 0
 0
 0
 0
 0
 0
 0
 0
 0
 0
 0
 0
 0
 0
 0
 0
 0
 0
 0
 0
 5.939625
 1.217625
 1.319680555555556
 5.102347222222222
 1.599722222222222
 1.201194444444444
 5.079041666666667
 1.232347222222222
 1.468319444444445
 5.192152777777777
 1.390180555555556
 1.253888888888889
 5.250388888888889
 1.307041666666667
 2.269569444444445
 5.901375
 2.466055555555556
 2.237625
 5.371583333333334
 2.338402777777778
 1.322583333333333
 6.263208333333333
 2.222694444444445
 2.267166666666667
 5.722819444444444
 1.458513888888889
 1.552833333333333
 6.165527777777778
 2.424430555555555
 2.440833333333333
 6.115194444444445
 1.286222222222222
 1.575347222222222
 0
 0
 0
 0
 0
 0
 0
 0
 0
 0
 0
 0
 0
 0
 0
 0
 0
 0
 0
 0
 0
 0
 0
 0
 0
 0
 0
 4.783055555555555
 2.132541666666667
 1.392680555555555
 4.905208333333333
 1.663611111111111
 2.196208333333333
 5.096222222222222
 2.266555555555556
 2.676652777777778
 5.604347222222223
 1.886166666666667
 2.194680555555556
 5.691611111111111
 2.187583333333333
 2.224902777777778
 5.897194444444445
 1.695458333333333
 1.211055555555556
 6.434111111111111
 1.389083333333333
 2.162291666666667
 5.871194444444445
 2.424569444444444
 2.440763888888889
 5.971583333333333
 1.618263888888889
 1.580597222222222
 5.792055555555556
 1.980819444444444
 1.659972222222222
 6.334152777777778
 1.554111111111111
 1.861097222222222
 0
 0
 0
 0
 0
 0
 0
 0
 0
 0
 0
 0
 0
 0
 0
 0
 0
 0
 0
 0
 0
 0
 0
 0
 0
 0
 0
 4.9155
 2.274638888888889
 1.820680555555556
 5.212125
 2.451430555555556
 1.565611111111111
 5.542166666666667
 1.246333333333333
 2.276916666666667
 5.632069444444444
 1.486833333333333
 2.111722222222222
 5.387875
 2.193361111111111
 1.515416666666667
 5.219027777777778
 1.602152777777778
 2.363638888888889
 5.498263888888889
 2.534125
 2.637833333333333
 6.203541666666666
 2.520083333333333
 2.067958333333333
 6.523819444444444
 2.117763888888889
 2.197930555555556
 6.309472222222222
 1.448125
 1.646763888888889
 5.791069444444444
 2.446444444444444
 1.56175
 0
 0
 0
 0
 0
 0
 0
 0
 0
 0
 0
 0
 0
 0
 0
 0
 0
 0
 0
 0
 0
 0
 0
 0
 0
 0
 0
 4.692430555555555
 1.322152777777778
 2.159986111111111
 4.906527777777778
 1.207805555555556
 1.829430555555555
 4.795666666666667
 2.536097222222222
 2.194083333333333
 5.773444444444444
 2.5585
 1.865958333333333
 5.608333333333333
 1.470708333333333
 2.616208333333333
 5.286069444444444
 1.545916666666667
 1.438069444444444
 6.654069444444445
 1.905458333333333
 2.610027777777778
 6.095930555555555
 1.465138888888889
 1.589013888888889
 6.190486111111111
 1.426083333333333
 1.564986111111111
 5.470180555555555
 2.203388888888889
 1.516208333333333
 5.676375
 1.594958333333333
 2.247027777777778
 0
 0
 0
 0
 0
 0
 0
 0
 0
 0
 0
 0
 0
 0
 0
 0
 0
 0
 0
 0
 0
 0
 0
 0
 0
 0
 0
 4.107680555555556
 1.459694444444444
 2.265861111111111
 4.362722222222223
 1.197736111111111
 2.312166666666667
 5.436083333333333
 2.447263888888889
 1.831819444444444
 5.415138888888889
 1.489583333333333
 2.543097222222222
 5.945902777777778
 1.253041666666667
 1.457583333333333
 5.302402777777778
 2.209819444444444
 1.421638888888889
 5.851777777777778
 2.392236111111111
 2.215597222222222
 5.484819444444445
 1.465902777777778
 2.225305555555555
 6.264347222222222
 1.733180555555556
 1.796083333333333
 5.977152777777778
 1.653847222222222
 2.402277777777778
 5.909569444444444
 1.870791666666667
 1.438680555555556
 0
 0
 0
 0
 0
 0
 0
 0
 0
 0
 0
 0
 0
 0
 0
 0
 0
 0
 0
 0
 0
 0
 0
 0
 0
 0
 0
 5.215541666666667
 1.014652777777778
 1.435555555555555
 4.817958333333333
 2.480819444444444
 1.633319444444445
 5.274694444444444
 1.467916666666667
 2.269347222222222
 5.642652777777778
 1.558916666666667
 2.425444444444445
 4.880736111111111
 2.340055555555556
 2.542375
 5.820111111111111
 1.289444444444444
 1.649805555555556
 5.971638888888889
 1.858430555555556
 2.307722222222222
 6.063152777777778
 1.391
 1.402763888888889
 5.641263888888889
 1.489486111111111
 1.723527777777778
 5.271361111111111
 1.753930555555556
 1.928152777777778
 5.848194444444444
 1.527041666666667
 2.231972222222222
 0
 0
 0
 0
 0
 0
 0
 0
 0
 0
 0
 0
 0
 0
 0
 0
 0
 0
 0
 0
 0
 0
 0
 0
 0
 0
 0
 4.853944444444444
 2.234222222222222
 2.239222222222222
 5.415361111111111
 2.040611111111111
 1.613444444444444
 4.995263888888889
 1.597194444444444
 1.782736111111111
 5.207694444444445
 1.428236111111111
 1.445791666666667
 5.656805555555556
 1.357902777777778
 1.44675
 6.305986111111111
 1.503847222222222
 1.569541666666667
 5.883486111111111
 2.154069444444445
 2.217791666666667
 5.647152777777777
 1.759902777777778
 1.373763888888889
 5.674638888888889
 2.165930555555556
 1.743708333333333
 6.08925
 1.666069444444444
 1.38075
 6.287444444444445
 1.524777777777778
 2.540583333333333
 0
 0
 0
 0
 0
 0
 0
 0
 0
 0
 0
 0
 0
 0
 0
 0
 0
 0
 0
 0
 0
 0
 0
 0
 0
 0
 0
 4.690847222222223
 2.451458333333334
 1.415222222222222
 5.870805555555555
 1.849055555555555
 2.506152777777778
 5.455986111111111
 1.451944444444444
 1.594833333333333
 5.572305555555555
 2.595916666666667
 1.174652777777778
 5.662013888888889
 2.2095
 2.170625
 5.395111111111111
 1.898111111111111
 2.580361111111111
 6.04775
 1.855402777777778
 1.795430555555556
 5.775375
 1.863027777777778
 2.322986111111111
 5.962277777777778
 1.837986111111111
 1.758680555555556
 6.152152777777777
 1.736486111111111
 2.273986111111111
 5.781236111111111
 1.671972222222222
 2.661277777777778
 0
 0
 0
 0
 0
 0
 0
 0
 0
 0
 0
 0
 0
 0
 0
 0
 0
 0
 0
 0
 0
 0
 0
 0
 0
 0
 0
 4.056180555555556
 1.390569444444445
 1.343611111111111
 5.642138888888889
 1.560805555555556
 1.915472222222222
 5.534097222222222
 1.218333333333333
 2.241236111111111
 5.655125
 1.428041666666667
 1.969694444444444
 6.196
 1.672819444444444
 1.487013888888889
 5.835416666666666
 1.432680555555556
 1.508291666666667
 5.849888888888889
 1.845305555555556
 1.623833333333333
 5.945027777777778
 2.153472222222222
 2.238638888888889
 6.179694444444444
 1.478
 2.023319444444444
 6.588263888888889
 1.343430555555555
 1.683875
 5.853847222222222
 2.316513888888889
 1.852652777777778
 0
 0
 0
 0
 0
 0
 0
 0
 0
 0
 0
 0
 0
 0
 0
 0
 0
 0
 0
 0
 0
 0
 0
 0
 0
 0
 0
 5.005569444444444
 1.379986111111111
 1.502486111111111
 5.005111111111111
 2.256458333333333
 1.550833333333333
 5.197388888888889
 2.171305555555556
 2.164125
 5.018111111111111
 1.291416666666667
 1.638791666666667
 5.723916666666667
 1.222194444444444
 1.808541666666667
 5.929236111111111
 1.515305555555555
 1.757430555555556
 6.245194444444444
 2.473819444444445
 2.032916666666666
 5.886736111111111
 1.427013888888889
 1.55075
 5.847027777777778
 2.268402777777778
 2.429513888888889
 5.868638888888889
 1.600652777777778
 1.508958333333333
 5.41575
 2.118013888888889
 2.353430555555556
 0
 0
 0
 0
 0
 0
 0
 0
 0
 0
 0
 0
 0
 0
 0
 0
 0
 0
 0
 0
 0
 0
 0
 0
 0
 0
 0
 4.914722222222222
 1.520055555555555
 1.18275
 5.152152777777777
 1.366611111111111
 1.709597222222222
 6.439166666666667
 2.401888888888889
 1.311277777777778
 5.334805555555556
 2.172777777777778
 2.287791666666667
 6.172555555555555
 2.349944444444445
 2.053277777777778
 5.776166666666667
 2.539638888888889
 1.739097222222222
 5.821263888888889
 1.328847222222222
 1.751819444444444
 5.800777777777777
 1.406055555555556
 1.519180555555556
 5.395083333333333
 1.309680555555556
 2.519875
 6.191402777777777
 1.696222222222222
 1.377875
 6.586930555555556
 2.532861111111111
 1.508166666666667
 0
 0
 0
 0
 0
 0
 0
 0
 0
 0
 0
 0
 0
 0
 0
 0
 0
 0
 0
 0
 0
 0
 0
 0
 0
 0
 0
 4.772402777777778
 2.454069444444444
 1.361819444444444
 5.227
 1.780791666666667
 1.505541666666667
 4.125055555555556
 1.447652777777778
 2.061708333333333
 5.719666666666667
 2.314652777777778
 1.292347222222222
 5.072722222222223
 1.449972222222222
 2.150180555555556
 5.802027777777778
 1.532263888888889
 1.380694444444444
 5.456277777777777
 1.829805555555555
 1.590805555555556
 5.996555555555555
 1.48625
 1.425694444444444
 5.798638888888889
 1.474791666666667
 1.725402777777778
 6.044625
 2.284819444444445
 2.277166666666667
 5.744361111111111
 1.493138888888889
 1.969361111111111
 0
 0
 0
 0
 0
 0
 0
 0
 0
 0
 0
 0
 0
 0
 0
 0
 0
 0
 0
 0
 0
 0
 0
 0
 0
 0
 0
 4.809472222222222
 2.149930555555556
 2.177152777777778
 4.75
 2.173861111111111
 1.314208333333333
 5.442638888888889
 1.419888888888889
 1.525541666666667
 5.532777777777778
 2.011722222222222
 1.515583333333333
 6.110527777777778
 1.522805555555556
 1.661444444444445
 5.517375
 2.206833333333333
 2.556902777777778
 5.670736111111111
 2.292819444444445
 2.222083333333333
 5.600583333333334
 2.555972222222222
 1.361486111111111
 6.403902777777778
 1.972888888888889
 2.121680555555555
 6.360361111111111
 1.983805555555556
 1.966777777777778
 6.407555555555556
 1.927319444444444
 1.702152777777778
 0
 0
 0
 0
 0
 0
 0
 0
 0
 0
 0
 0
 0
 0
 0
 0
 0
 0
 0
 0
 0
 0
 0
 0
 0
 0
 0
 4.717319444444445
 2.275722222222222
 1.718361111111111
 5.728458333333333
 1.175958333333333
 2.276444444444444
 5.857236111111111
 1.649708333333333
 1.155125
 5.954944444444444
 1.422694444444444
 2.034055555555556
 6.081180555555555
 1.287736111111111
 1.479166666666667
 5.596236111111111
 1.447680555555556
 1.4865
 6.094472222222223
 2.760611111111111
 2.468152777777778
 5.973277777777778
 1.460638888888889
 1.409125
 6.404875
 2.436305555555556
 1.724625
 6.034472222222222
 1.385125
 2.163472222222222
 6.458305555555556
 1.850347222222222
 2.424027777777778
 0
 0
 0
 0
 0
 0
 0
 0
 0
 0
 0
 0
 0
 0
 0
 0
 0
 0
 0
 0
 0
 0
 0
 0
 0
 0
 0
# name: stdTaskB
# type: matrix
# ndims: 3
 3 20 20
 4.908361111111111
 2.406875
 2.174361111111111
 5.794930555555555
 1.434805555555555
 1.729013888888889
 5.463319444444444
 1.785708333333333
 2.439958333333333
 5.006194444444445
 1.380902777777778
 2.3995
 5.740652777777778
 2.280847222222222
 1.537319444444444
 5.721666666666667
 1.393597222222222
 1.674458333333333
 5.503958333333333
 2.048472222222222
 1.710041666666667
 5.884791666666667
 1.634388888888889
 2.712305555555556
 6.324652777777778
 2.215041666666667
 2.270208333333333
 5.915888888888889
 2.1205
 2.331805555555555
 5.704138888888889
 1.849361111111111
 1.744652777777778
 4.999930555555555
 3.999944444444445
 0.9999861111111111
 4.999930555555555
 3.999944444444445
 0.9999861111111111
 4.999930555555555
 3.999944444444445
 0.9999861111111111
 4.999930555555555
 3.999944444444445
 0.9999861111111111
 4.999930555555555
 3.999944444444445
 0.9999861111111111
 4.999930555555555
 3.999944444444445
 0.9999861111111111
 4.999930555555555
 3.999944444444445
 0.9999861111111111
 5.033041666666667
 3.999944444444445
 0.9999861111111111
 4.999930555555555
 3.999944444444445
 0.9999861111111111
 4.805277777777778
 1.434916666666667
 2.431138888888889
 5.780958333333333
 2.167152777777778
 2.369652777777778
 5.32475
 2.129861111111111
 1.223111111111111
 6.213
 1.427527777777778
 1.787305555555555
 5.948791666666667
 2.039736111111111
 2.230388888888889
 5.654444444444445
 0.04218055555555555
 3.026847222222222
 5.771569444444444
 2.213902777777778
 2.167847222222222
 6.222597222222222
 1.552680555555556
 1.356861111111111
 5.817430555555555
 1.561833333333333
 1.747847222222222
 6.741083333333333
 2.050263888888889
 1.568708333333333
 6.185388888888889
 1.826875
 1.803361111111111
 0
 0
 0
 0
 0
 0
 0
 0
 0
 0
 0
 0
 0
 0
 0
 0
 0
 0
 0
 0
 0
 0
 0
 0
 0
 0
 0
 3.996
 1.643458333333333
 1.456125
 5.187361111111112
 1.704611111111111
 1.396472222222222
 5.299152777777778
 2.52975
 2.644402777777778
 6.404680555555555
 1.314847222222222
 1.678291666666667
 6.069791666666666
 1.41025
 1.843972222222222
 5.971513888888889
 1.769819444444444
 1.312486111111111
 5.251763888888889
 2.535958333333333
 1.459625
 5.822888888888889
 1.792666666666667
 2.284388888888889
 5.935611111111111
 1.991152777777778
 1.750166666666667
 5.668208333333333
 2.197625
 2.53525
 5.528944444444445
 2.080361111111111
 2.173263888888889
 0
 0
 0
 0
 0
 0
 0
 0
 0
 0
 0
 0
 0
 0
 0
 0
 0
 0
 0
 0
 0
 0
 0
 0
 0
 0
 0
 4.717652777777777
 2.508986111111111
 1.455472222222222
 5.349583333333333
 2.242819444444444
 1.492791666666667
 5.073180555555555
 2.573958333333333
 1.496152777777778
 5.308
 2.239041666666667
 1.256236111111111
 5.573180555555555
 1.400611111111111
 1.497430555555556
 5.252986111111111
 1.499416666666667
 2.269791666666667
 5.511597222222222
 1.467819444444444
 2.18225
 5.505513888888889
 1.820402777777778
 2.549555555555556
 5.332583333333333
 2.601875
 1.527708333333333
 6.544277777777777
 1.467861111111111
 1.572222222222222
 5.897333333333333
 2.417208333333333
 1.885527777777778
 0
 0
 0
 0
 0
 0
 0
 0
 0
 0
 0
 0
 0
 0
 0
 0
 0
 0
 0
 0
 0
 0
 0
 0
 0
 0
 0
 4.414944444444444
 1.356111111111111
 2.232291666666667
 5.047916666666667
 2.493944444444444
 1.100375
 5.194319444444444
 1.449555555555555
 2.470652777777778
 5.502819444444444
 2.361375
 1.332694444444444
 6.239291666666666
 2.392111111111111
 1.985291666666667
 5.9885
 1.670347222222222
 1.655375
 6.049388888888889
 1.921111111111111
 2.317125
 5.786375
 1.478027777777778
 2.178361111111111
 5.948944444444445
 1.460833333333333
 1.670305555555555
 6.208888888888889
 1.39025
 1.229125
 5.614347222222222
 2.130791666666667
 2.401819444444445
 0
 0
 0
 0
 0
 0
 0
 0
 0
 0
 0
 0
 0
 0
 0
 0
 0
 0
 0
 0
 0
 0
 0
 0
 0
 0
 0
 5.257777777777778
 1.451694444444444
 1.856902777777778
 5.078569444444445
 1.269652777777778
 1.821638888888889
 5.607625
 1.765027777777778
 1.708305555555556
 5.600597222222222
 1.858944444444445
 2.174194444444444
 5.44825
 1.426166666666667
 1.493777777777778
 5.595875
 1.494833333333333
 1.577930555555556
 5.659097222222222
 1.508791666666667
 1.616486111111111
 6.288444444444444
 1.466180555555556
 2.365083333333333
 5.893194444444444
 1.990986111111111
 2.435486111111111
 6.159472222222222
 2.124319444444445
 1.577013888888889
 5.795125
 1.431444444444445
 1.544583333333333
 0
 0
 0
 0
 0
 0
 0
 0
 0
 0
 0
 0
 0
 0
 0
 0
 0
 0
 0
 0
 0
 0
 0
 0
 0
 0
 0
 5.939625
 1.217625
 1.319680555555556
 5.102347222222222
 1.599722222222222
 1.201194444444444
 5.079041666666667
 1.232347222222222
 1.468319444444445
 5.192152777777777
 1.390180555555556
 1.253888888888889
 5.250388888888889
 1.307041666666667
 2.269569444444445
 5.901375
 2.466055555555556
 2.237625
 5.371583333333334
 2.338402777777778
 1.322583333333333
 6.263208333333333
 2.222694444444445
 2.267166666666667
 5.722819444444444
 1.458513888888889
 1.552833333333333
 6.165527777777778
 2.424430555555555
 2.440833333333333
 6.115194444444445
 1.286222222222222
 1.575347222222222
 0
 0
 0
 0
 0
 0
 0
 0
 0
 0
 0
 0
 0
 0
 0
 0
 0
 0
 0
 0
 0
 0
 0
 0
 0
 0
 0
 4.783055555555555
 2.132541666666667
 1.392680555555555
 4.905208333333333
 1.663611111111111
 2.196208333333333
 5.096222222222222
 2.266555555555556
 2.676652777777778
 5.604347222222223
 1.886166666666667
 2.194680555555556
 5.691611111111111
 2.187583333333333
 2.224902777777778
 5.897194444444445
 1.695458333333333
 1.211055555555556
 6.434111111111111
 1.389083333333333
 2.162291666666667
 5.871194444444445
 2.424569444444444
 2.440763888888889
 5.971583333333333
 1.618263888888889
 1.580597222222222
 5.792055555555556
 1.980819444444444
 1.659972222222222
 6.334152777777778
 1.554111111111111
 1.861097222222222
 0
 0
 0
 0
 0
 0
 0
 0
 0
 0
 0
 0
 0
 0
 0
 0
 0
 0
 0
 0
 0
 0
 0
 0
 0
 0
 0
 4.9155
 2.274638888888889
 1.820680555555556
 5.212125
 2.451430555555556
 1.565611111111111
 5.542166666666667
 1.246333333333333
 2.276916666666667
 5.632069444444444
 1.486833333333333
 2.111722222222222
 5.387875
 2.193361111111111
 1.515416666666667
 5.219027777777778
 1.602152777777778
 2.363638888888889
 5.498263888888889
 2.534125
 2.637833333333333
 6.203541666666666
 2.520083333333333
 2.067958333333333
 6.523819444444444
 2.117763888888889
 2.197930555555556
 6.309472222222222
 1.448125
 1.646763888888889
 5.791069444444444
 2.446444444444444
 1.56175
 0
 0
 0
 0
 0
 0
 0
 0
 0
 0
 0
 0
 0
 0
 0
 0
 0
 0
 0
 0
 0
 0
 0
 0
 0
 0
 0
 4.692430555555555
 1.322152777777778
 2.159986111111111
 4.906527777777778
 1.207805555555556
 1.829430555555555
 4.795666666666667
 2.536097222222222
 2.194083333333333
 5.773444444444444
 2.5585
 1.865958333333333
 5.608333333333333
 1.470708333333333
 2.616208333333333
 5.286069444444444
 1.545916666666667
 1.438069444444444
 6.654069444444445
 1.905458333333333
 2.610027777777778
 6.095930555555555
 1.465138888888889
 1.589013888888889
 6.190486111111111
 1.426083333333333
 1.564986111111111
 5.470180555555555
 2.203388888888889
 1.516208333333333
 5.676375
 1.594958333333333
 2.247027777777778
 0
 0
 0
 0
 0
 0
 0
 0
 0
 0
 0
 0
 0
 0
 0
 0
 0
 0
 0
 0
 0
 0
 0
 0
 0
 0
 0
 4.107680555555556
 1.459694444444444
 2.265861111111111
 4.362722222222223
 1.197736111111111
 2.312166666666667
 5.436083333333333
 2.447263888888889
 1.831819444444444
 5.415138888888889
 1.489583333333333
 2.543097222222222
 5.945902777777778
 1.253041666666667
 1.457583333333333
 5.302402777777778
 2.209819444444444
 1.421638888888889
 5.851777777777778
 2.392236111111111
 2.215597222222222
 5.484819444444445
 1.465902777777778
 2.225305555555555
 6.264347222222222
 1.733180555555556
 1.796083333333333
 5.977152777777778
 1.653847222222222
 2.402277777777778
 5.909569444444444
 1.870791666666667
 1.438680555555556
 0
 0
 0
 0
 0
 0
 0
 0
 0
 0
 0
 0
 0
 0
 0
 0
 0
 0
 0
 0
 0
 0
 0
 0
 0
 0
 0
 5.215541666666667
 1.014652777777778
 1.435555555555555
 4.817958333333333
 2.480819444444444
 1.633319444444445
 5.274694444444444
 1.467916666666667
 2.269347222222222
 5.642652777777778
 1.558916666666667
 2.425444444444445
 4.880736111111111
 2.340055555555556
 2.542375
 5.820111111111111
 1.289444444444444
 1.649805555555556
 5.971638888888889
 1.858430555555556
 2.307722222222222
 6.063152777777778
 1.391
 1.402763888888889
 5.641263888888889
 1.489486111111111
 1.723527777777778
 5.271361111111111
 1.753930555555556
 1.928152777777778
 5.848194444444444
 1.527041666666667
 2.231972222222222
 0
 0
 0
 0
 0
 0
 0
 0
 0
 0
 0
 0
 0
 0
 0
 0
 0
 0
 0
 0
 0
 0
 0
 0
 0
 0
 0
 4.853944444444444
 2.234222222222222
 2.239222222222222
 5.415361111111111
 2.040611111111111
 1.613444444444444
 4.995263888888889
 1.597194444444444
 1.782736111111111
 5.207694444444445
 1.428236111111111
 1.445791666666667
 5.656805555555556
 1.357902777777778
 1.44675
 6.305986111111111
 1.503847222222222
 1.569541666666667
 5.883486111111111
 2.154069444444445
 2.217791666666667
 5.647152777777777
 1.759902777777778
 1.373763888888889
 5.674638888888889
 2.165930555555556
 1.743708333333333
 6.08925
 1.666069444444444
 1.38075
 6.287444444444445
 1.524777777777778
 2.540583333333333
 0
 0
 0
 0
 0
 0
 0
 0
 0
 0
 0
 0
 0
 0
 0
 0
 0
 0
 0
 0
 0
 0
 0
 0
 0
 0
 0
 4.690847222222223
 2.451458333333334
 1.415222222222222
 5.870805555555555
 1.849055555555555
 2.506152777777778
 5.455986111111111
 1.451944444444444
 1.594833333333333
 5.572305555555555
 2.595916666666667
 1.174652777777778
 5.662013888888889
 2.2095
 2.170625
 5.395111111111111
 1.898111111111111
 2.580361111111111
 6.04775
 1.855402777777778
 1.795430555555556
 5.775375
 1.863027777777778
 2.322986111111111
 5.962277777777778
 1.837986111111111
 1.758680555555556
 6.152152777777777
 1.736486111111111
 2.273986111111111
 5.781236111111111
 1.671972222222222
 2.661277777777778
 0
 0
 0
 0
 0
 0
 0
 0
 0
 0
 0
 0
 0
 0
 0
 0
 0
 0
 0
 0
 0
 0
 0
 0
 0
 0
 0
 4.056180555555556
 1.390569444444445
 1.343611111111111
 5.642138888888889
 1.560805555555556
 1.915472222222222
 5.534097222222222
 1.218333333333333
 2.241236111111111
 5.655125
 1.428041666666667
 1.969694444444444
 6.196
 1.672819444444444
 1.487013888888889
 5.835416666666666
 1.432680555555556
 1.508291666666667
 5.849888888888889
 1.845305555555556
 1.623833333333333
 5.945027777777778
 2.153472222222222
 2.238638888888889
 6.179694444444444
 1.478
 2.023319444444444
 6.588263888888889
 1.343430555555555
 1.683875
 5.853847222222222
 2.316513888888889
 1.852652777777778
 0
 0
 0
 0
 0
 0
 0
 0
 0
 0
 0
 0
 0
 0
 0
 0
 0
 0
 0
 0
 0
 0
 0
 0
 0
 0
 0
 5.005569444444444
 1.379986111111111
 1.502486111111111
 5.005111111111111
 2.256458333333333
 1.550833333333333
 5.197388888888889
 2.171305555555556
 2.164125
 5.018111111111111
 1.291416666666667
 1.638791666666667
 5.723916666666667
 1.222194444444444
 1.808541666666667
 5.929236111111111
 1.515305555555555
 1.757430555555556
 6.245194444444444
 2.473819444444445
 2.032916666666666
 5.886736111111111
 1.427013888888889
 1.55075
 5.847027777777778
 2.268402777777778
 2.429513888888889
 5.868638888888889
 1.600652777777778
 1.508958333333333
 5.41575
 2.118013888888889
 2.353430555555556
 0
 0
 0
 0
 0
 0
 0
 0
 0
 0
 0
 0
 0
 0
 0
 0
 0
 0
 0
 0
 0
 0
 0
 0
 0
 0
 0
 4.914722222222222
 1.520055555555555
 1.18275
 5.152152777777777
 1.366611111111111
 1.709597222222222
 6.439166666666667
 2.401888888888889
 1.311277777777778
 5.334805555555556
 2.172777777777778
 2.287791666666667
 6.172555555555555
 2.349944444444445
 2.053277777777778
 5.776166666666667
 2.539638888888889
 1.739097222222222
 5.821263888888889
 1.328847222222222
 1.751819444444444
 5.800777777777777
 1.406055555555556
 1.519180555555556
 5.395083333333333
 1.309680555555556
 2.519875
 6.191402777777777
 1.696222222222222
 1.377875
 6.586930555555556
 2.532861111111111
 1.508166666666667
 0
 0
 0
 0
 0
 0
 0
 0
 0
 0
 0
 0
 0
 0
 0
 0
 0
 0
 0
 0
 0
 0
 0
 0
 0
 0
 0
 4.772402777777778
 2.454069444444444
 1.361819444444444
 5.227
 1.780791666666667
 1.505541666666667
 4.125055555555556
 1.447652777777778
 2.061708333333333
 5.719666666666667
 2.314652777777778
 1.292347222222222
 5.072722222222223
 1.449972222222222
 2.150180555555556
 5.802027777777778
 1.532263888888889
 1.380694444444444
 5.456277777777777
 1.829805555555555
 1.590805555555556
 5.996555555555555
 1.48625
 1.425694444444444
 5.798638888888889
 1.474791666666667
 1.725402777777778
 6.044625
 2.284819444444445
 2.277166666666667
 5.744361111111111
 1.493138888888889
 1.969361111111111
 0
 0
 0
 0
 0
 0
 0
 0
 0
 0
 0
 0
 0
 0
 0
 0
 0
 0
 0
 0
 0
 0
 0
 0
 0
 0
 0
 4.809472222222222
 2.149930555555556
 2.177152777777778
 4.75
 2.173861111111111
 1.314208333333333
 5.442638888888889
 1.419888888888889
 1.525541666666667
 5.532777777777778
 2.011722222222222
 1.515583333333333
 6.110527777777778
 1.522805555555556
 1.661444444444445
 5.517375
 2.206833333333333
 2.556902777777778
 5.670736111111111
 2.292819444444445
 2.222083333333333
 5.600583333333334
 2.555972222222222
 1.361486111111111
 6.403902777777778
 1.972888888888889
 2.121680555555555
 6.360361111111111
 1.983805555555556
 1.966777777777778
 6.407555555555556
 1.927319444444444
 1.702152777777778
 0
 0
 0
 0
 0
 0
 0
 0
 0
 0
 0
 0
 0
 0
 0
 0
 0
 0
 0
 0
 0
 0
 0
 0
 0
 0
 0
 4.717319444444445
 2.275722222222222
 1.718361111111111
 5.728458333333333
 1.175958333333333
 2.276444444444444
 5.857236111111111
 1.649708333333333
 1.155125
 5.954944444444444
 1.422694444444444
 2.034055555555556
 6.081180555555555
 1.287736111111111
 1.479166666666667
 5.596236111111111
 1.447680555555556
 1.4865
 6.094472222222223
 2.760611111111111
 2.468152777777778
 5.973277777777778
 1.460638888888889
 1.409125
 6.404875
 2.436305555555556
 1.724625
 6.034472222222222
 1.385125
 2.163472222222222
 6.458305555555556
 1.850347222222222
 2.424027777777778
 0
 0
 0
 0
 0
 0
 0
 0
 0
 0
 0
 0
 0
 0
 0
 0
 0
 0
 0
 0
 0
 0
 0
 0
 0
 0
 0
